Fecha	Cierre	Var	Var (%)	Máx	Mín	
2013-05-30	1.87	0.0	-0.11	1.89	1.86	
2013-05-29	1.87	-0.01	-0.37	1.9	1.86	
2013-05-28	1.88	0.01	0.64	1.88	1.85	
2013-05-27	1.86	0.0	0.16	1.88	1.85	
2013-05-24	1.86	0.0	0.0	1.89	1.84	
2013-05-23	1.86	-0.05	-2.41	1.87	1.84	
2013-05-22	1.91	0.0	-0.1	1.92	1.89	
2013-05-21	1.91	0.02	1.17	1.91	1.87	
2013-05-20	1.89	-0.02	-1.05	1.93	1.88	
2013-05-17	1.91	0.01	0.37	1.92	1.88	
2013-05-16	1.9	-0.05	-2.41	1.94	1.89	
2013-05-15	1.95	0.07	3.45	1.96	1.88	
2013-05-14	1.88	-0.02	-1.0	1.9	1.82	
2013-05-13	1.9	-0.02	-1.25	1.95	1.87	
2013-05-10	1.93	0.01	0.26	1.95	1.91	
2013-05-09	1.92	0.0	0.16	1.95	1.91	
2013-05-08	1.92	0.07	3.62	1.93	1.85	
2013-05-07	1.85	0.0	0.0	1.86	1.85	
2013-05-06	1.85	0.01	0.43	1.85	1.84	
2013-05-03	1.84	-0.01	-0.32	1.85	1.84	
2013-05-02	1.85	-0.01	-0.38	1.87	1.8	
2013-04-30	1.86	0.04	2.37	1.86	1.8	
2013-04-29	1.81	0.02	0.83	1.82	1.79	
2013-04-26	1.8	0.02	0.84	1.82	1.77	
2013-04-25	1.79	0.0	-0.22	1.82	1.77	
2013-04-24	1.79	0.06	3.35	1.81	1.75	
2013-04-23	1.73	0.03	1.47	1.74	1.7	
2013-04-22	1.71	0.0	-0.23	1.73	1.69	
2013-04-19	1.71	-0.01	-0.35	1.82	1.69	
2013-04-18	1.72	0.01	0.59	1.74	1.69	
2013-04-17	1.71	-0.06	-3.12	1.78	1.68	
2013-04-16	1.76	-0.05	-2.55	1.8	1.76	
2013-04-15	1.81	0.0	-0.11	1.82	1.79	
2013-04-12	1.81	-0.01	-0.28	1.85	1.78	
2013-04-11	1.81	-0.03	-1.57	1.9	1.8	
2013-04-10	1.84	0.02	1.26	1.9	1.84	
2013-04-09	1.82	0.07	8.72	1.84	1.73	
2013-04-08	1.75	-0.02	-0.96	1.82	1.75	
2013-04-05	1.76	-0.06	-3.34	1.85	1.74	
2013-04-04	1.82	-0.01	-0.38	1.87	1.81	
2013-04-03	1.83	-0.1	-5.13	1.93	1.82	
2013-04-02	1.93	0.0	0.0	1.97	1.93	
2013-03-28	1.93	0.0	-0.16	1.96	1.9	
2013-03-27	1.93	-0.06	-2.86	2.02	1.91	
2013-03-26	1.99	-0.05	-2.55	2.05	1.97	
2013-03-25	2.04	-0.01	-0.39	2.1	2.01	
2013-03-22	2.05	-0.03	-1.25	2.08	2.04	
2013-03-21	2.08	-0.02	-0.76	2.1	2.02	
2013-03-20	2.09	0.01	0.58	2.14	2.08	
2013-03-19	2.08	-0.01	-0.62	2.15	2.07	
