Fecha	Cierre	Var	Var (%)	Máx	Mín	
2013-05-29	16.27	-0.14	-0.82	16.47	16.2	
2013-05-28	16.41	0.31	1.89	16.55	16.15	
2013-05-27	16.1	0.11	0.66	16.2	15.98	
2013-05-24	16.0	-0.03	-0.19	16.18	15.82	
2013-05-23	16.03	-0.22	-1.35	16.1	15.5	
2013-05-22	16.25	-0.02	-0.12	16.36	16.1	
2013-05-21	16.27	-0.18	-1.06	16.57	16.08	
2013-05-20	16.44	0.04	0.24	16.57	16.12	
2013-05-17	16.4	-0.09	-0.55	16.6	16.3	
2013-05-16	16.49	-0.08	-0.45	16.58	16.37	
2013-05-15	16.57	0.28	1.69	16.57	16.21	
2013-05-14	16.29	-0.07	-0.43	16.54	16.07	
2013-05-13	16.36	0.02	0.12	16.4	16.1	
2013-05-10	16.34	0.06	0.37	16.6	16.19	
2013-05-09	16.28	-0.16	-0.97	16.5	16.15	
2013-05-08	16.44	0.45	2.78	16.48	15.92	
2013-05-07	16.0	-0.28	-1.69	16.49	15.82	
2013-05-06	16.27	-0.1	-0.58	16.6	16.1	
2013-05-03	16.37	0.39	2.41	16.4	16.01	
2013-05-02	15.98	0.08	0.5	16.19	15.77	
2013-04-30	15.9	0.14	0.86	15.9	15.65	
2013-04-29	15.77	0.06	0.35	15.9	15.43	
2013-04-26	15.75	-0.3	-1.84	16.1	15.64	
2013-04-25	16.05	0.26	1.61	16.06	15.77	
2013-04-24	15.79	0.3	1.9	15.79	15.45	
2013-04-23	15.5	0.72	4.87	15.5	14.84	
2013-04-22	14.78	0.13	0.89	14.9	14.7	
2013-04-19	14.65	0.18	1.21	14.69	14.5	
2013-04-18	14.47	0.03	0.17	14.66	14.37	
2013-04-17	14.45	-0.01	-0.03	14.62	14.22	
2013-04-16	14.45	-0.14	-0.93	14.63	14.33	
2013-04-15	14.59	0.09	0.59	14.72	14.48	
2013-04-12	14.5	0.05	0.35	14.58	14.39	
2013-04-11	14.45	-0.35	-2.33	14.63	14.21	
2013-04-10	14.8	0.55	3.82	14.89	14.28	
2013-04-09	14.25	0.25	1.79	14.32	14.04	
2013-04-08	14.0	0.24	1.71	14.1	13.84	
2013-04-05	13.77	-0.24	-1.71	14.19	13.59	
2013-04-04	14.01	0.12	0.86	14.17	13.87	
2013-04-03	13.89	-0.27	-1.87	14.27	13.86	
2013-04-02	14.15	0.34	2.46	14.21	13.83	
2013-03-28	13.81	-0.19	-1.36	14.08	13.55	
2013-03-27	14.0	0.05	0.36	14.17	13.79	
2013-03-26	13.95	-0.09	-0.61	14.15	13.72	
2013-03-25	14.04	-0.66	-4.49	14.72	13.95	
2013-03-22	14.7	-0.31	-2.07	15.05	14.52	
2013-03-21	15.01	-0.31	-1.99	15.45	14.99	
2013-03-20	15.31	-0.04	-0.26	15.47	15.11	
2013-03-19	15.35	-0.04	-0.23	15.5	15.19	
2013-03-18	15.39	-0.21	-1.35	15.46	15.2	
2013-03-15	15.6	-0.22	-1.39	15.83	15.46	
2013-03-14	15.82	0.17	1.09	15.84	15.63	
2013-03-13	15.65	0.07	0.42	15.65	15.37	
2013-03-12	15.58	-0.02	-0.13	15.72	15.52	
2013-03-11	15.6	-0.15	-0.92	15.85	15.5	
2013-03-08	15.75	0.21	1.35	15.85	15.54	
2013-03-07	15.54	0.18	1.17	15.6	15.17	
2013-03-06	15.36	0.01	0.07	15.42	15.31	
2013-03-05	15.35	0.17	1.09	15.39	15.24	
2013-03-04	15.18	0.05	0.33	15.23	15.01	
2013-03-01	15.13	-0.07	-0.43	15.3	15.0	
2013-02-28	15.2	0.0	0.0	15.41	14.93	
2013-02-27	15.2	0.47	3.19	15.23	14.75	
2013-02-26	14.73	-0.33	-2.19	14.86	14.5	
2013-02-25	15.06	-0.25	-1.6	15.48	14.88	
2013-02-22	15.3	0.29	1.93	15.34	14.93	
2013-02-21	15.01	-0.17	-1.12	15.16	14.74	
2013-02-20	15.18	-0.12	-0.78	15.37	15.11	
2013-02-19	15.3	0.11	0.69	15.48	15.15	
2013-02-18	15.2	-0.16	-1.04	15.36	15.05	
2013-02-15	15.36	-0.07	-0.42	15.47	15.21	
2013-02-14	15.42	0.06	0.39	15.48	15.11	
2013-02-13	15.36	0.53	3.54	15.46	14.73	
2013-02-12	14.84	0.34	2.31	14.9	14.45	
2013-02-11	14.5	-0.07	-0.48	14.7	14.44	
2013-02-08	14.57	0.07	0.48	14.69	14.39	
2013-02-07	14.5	-0.17	-1.13	14.82	14.47	
2013-02-06	14.67	0.03	0.17	14.82	14.41	
2013-02-05	14.64	0.38	2.63	14.73	14.11	
2013-02-04	14.27	-0.57	-3.81	14.88	14.2	
2013-02-01	14.83	0.13	0.85	14.92	14.39	
2013-01-31	14.71	-0.3	-1.97	15.0	14.31	
2013-01-30	15.0	-0.03	-0.17	15.08	14.9	
2013-01-29	15.03	0.11	0.74	15.04	14.86	
2013-01-28	14.92	0.12	0.81	15.07	14.52	
2013-01-25	14.8	0.28	1.93	14.89	14.49	
2013-01-24	14.52	0.18	1.26	14.52	14.14	
2013-01-23	14.34	0.03	0.21	14.49	14.14	
2013-01-22	13.91	-0.05	-0.36	13.96	13.76	
2013-01-21	13.96	0.13	0.9	13.99	13.85	
2013-01-18	13.84	-0.09	-0.65	14.0	13.75	
2013-01-17	13.95	0.12	0.87	13.97	13.67	
2013-01-16	13.83	0.15	1.06	13.83	13.64	
2013-01-15	13.69	0.21	1.56	13.74	13.22	
2013-01-14	13.48	-0.33	-2.39	13.9	13.47	
2013-01-11	13.81	-0.09	-0.61	13.96	13.65	
2013-01-10	13.89	-0.13	-0.93	14.02	13.83	
2013-01-09	14.02	0.3	2.15	14.02	13.69	
2013-01-08	13.73	-0.39	-2.76	13.85	13.59	
2013-01-07	14.12	0.01	0.04	14.13	13.8	
2013-01-03	14.06	0.06	0.39	14.2	14.1	
2013-01-02	13.96	0.11	0.75	14.2	13.94	
2012-12-31	13.58	-0.09	-0.66	13.8	13.53	
2012-12-28	13.67	-0.09	-0.66	13.8	13.53	
2012-12-27	13.9	0.23	1.68	13.93	13.6	
2012-12-24	13.67	0.03	0.22	13.7	13.6	
2012-12-21	13.64	0.11	0.81	13.66	13.28	
2012-12-20	13.53	-0.14	-0.99	13.69	13.5	
2012-12-19	13.67	0.14	1.0	13.97	13.57	
2012-12-18	13.53	0.28	2.11	13.63	13.14	
2012-12-17	13.25	0.21	1.61	13.25	12.98	
2012-12-14	13.04	-0.01	-0.08	13.25	12.9	
2012-12-13	13.05	0.1	0.73	13.1	12.94	
2012-12-12	12.96	0.17	1.29	12.96	12.83	
2012-12-11	12.79	0.29	2.32	12.84	12.51	
2012-12-10	12.5	-0.02	-0.12	12.5	12.21	
2012-12-07	12.52	-0.04	-0.28	12.62	12.38	
2012-12-06	12.55	0.15	1.21	12.57	12.37	
2012-12-05	12.4	0.21	1.72	12.42	12.25	
2012-12-04	12.19	0.14	1.16	12.19	12.03	
2012-12-03	12.05	0.12	0.96	12.27	11.92	
2012-11-30	11.94	-0.12	-0.95	12.1	11.91	
2012-11-29	12.05	0.1	0.79	12.11	11.96	
2012-11-28	11.96	-0.2	-1.6	12.19	11.81	
2012-11-27	12.15	-0.03	-0.21	12.33	12.1	
2012-11-26	12.18	-0.13	-1.02	12.33	12.08	
2012-11-23	12.3	0.06	0.49	12.3	12.11	
2012-11-22	12.24	0.11	0.87	12.27	12.13	
2012-11-21	12.14	0.07	0.54	12.16	12.02	
2012-11-20	12.07	-0.09	-0.74	12.15	12.02	
2012-11-19	12.16	0.16	1.29	12.16	11.96	
2012-11-16	12.01	-0.04	-0.29	12.18	11.91	
2012-11-15	12.04	0.19	1.56	12.1	11.92	
2012-11-14	11.86	0.07	0.59	11.94	11.76	
2012-11-13	11.79	-0.07	-0.55	11.89	11.63	
2012-11-12	11.85	-0.03	-0.25	11.94	11.74	
2012-11-09	11.88	0.01	0.08	11.93	11.66	
2012-11-08	11.87	-0.05	-0.38	12.0	11.74	
2012-11-07	11.92	-0.12	-0.96	12.13	11.89	
2012-11-06	12.03	-0.08	-0.62	12.09	11.91	
2012-11-05	12.11	-0.07	-0.57	12.11	11.9	
2012-11-02	12.18	0.1	0.79	12.38	12.01	
2012-11-01	12.08	0.11	0.92	12.21	11.87	
2012-10-31	11.97	-0.05	-0.42	12.18	11.97	
2012-10-30	12.02	0.16	1.31	12.15	11.9	
2012-10-29	11.87	-0.05	-0.38	11.97	11.78	
2012-10-26	11.91	0.04	0.29	12.0	11.75	
2012-10-25	11.88	0.09	0.72	12.02	11.72	
2012-10-24	11.79	0.07	0.6	11.86	11.53	
2012-10-23	11.72	-0.18	-1.51	11.99	11.54	
2012-10-22	11.9	-0.05	-0.38	12.02	11.82	
2012-10-19	11.95	-0.06	-0.5	12.04	11.82	
2012-10-18	12.01	-0.03	-0.21	12.05	11.85	
2012-10-17	12.03	0.19	1.56	12.1	11.91	
2012-10-16	11.85	0.24	2.07	11.9	11.55	
2012-10-15	11.61	0.07	0.61	11.68	11.46	
2012-10-12	11.54	-0.07	-0.56	11.66	11.38	
2012-10-11	11.6	0.03	0.22	11.74	11.45	
2012-10-10	11.58	0.15	1.27	11.63	11.36	
2012-10-09	11.43	0.05	0.44	11.57	11.17	
2012-10-08	11.38	-0.14	-1.17	11.51	11.24	
2012-10-05	11.52	0.02	0.13	11.59	11.35	
2012-10-04	11.5	0.01	0.04	11.67	11.45	
2012-10-03	11.5	0.06	0.52	11.68	11.3	
2012-10-02	11.44	0.12	1.02	11.6	11.24	
2012-10-01	11.32	0.31	2.77	11.49	11.05	
2012-09-28	11.02	-0.32	-2.78	11.46	10.92	
2012-09-27	11.33	0.06	0.53	11.61	11.1	
2012-09-26	11.27	-0.73	-6.08	11.91	11.26	
2012-09-25	12.0	-0.16	-1.28	12.19	11.93	
2012-09-24	12.16	-0.2	-1.58	12.45	12.05	
2012-09-21	12.35	0.5	4.22	12.45	11.82	
2012-09-20	11.85	-0.05	-0.42	11.99	11.76	
2012-09-19	11.9	0.11	0.93	12.02	11.8	
2012-09-18	11.79	-0.26	-2.16	12.01	11.72	
2012-09-17	12.05	-0.23	-1.87	12.28	11.87	
2012-09-14	12.28	0.63	5.41	12.48	11.71	
2012-09-13	11.65	-0.01	-0.09	11.68	11.42	
2012-09-12	11.66	0.33	2.91	11.71	11.3	
2012-09-11	11.33	0.01	0.09	11.49	11.08	
2012-09-10	11.32	-0.18	-1.57	11.45	11.19	
2012-09-07	11.5	0.86	8.08	11.6	10.7	
2012-09-06	10.64	0.46	4.47	10.71	10.22	
2012-09-05	10.19	-0.09	-0.83	10.42	10.12	
2012-09-04	10.27	0.38	3.84	10.51	9.9	
2012-09-03	9.89	0.08	0.86	10.01	9.72	
2012-08-31	9.81	0.15	1.52	9.88	9.63	
2012-08-30	9.66	-0.15	-1.54	9.91	9.65	
2012-08-29	9.81	-0.17	-1.68	10.07	9.78	
2012-08-28	9.98	-0.17	-1.69	10.28	9.92	
2012-08-27	10.15	0.08	0.74	10.17	10.04	
2012-08-24	10.08	-0.09	-0.89	10.25	10.02	
2012-08-23	10.17	-0.09	-0.88	10.57	10.06	
2012-08-22	10.26	-0.23	-2.19	10.52	10.23	
2012-08-21	10.49	-0.18	-1.64	10.74	10.37	
2012-08-20	10.66	-0.12	-1.11	10.95	10.54	
2012-08-17	10.78	0.6	5.84	10.78	10.08	
2012-08-16	10.19	0.42	4.34	10.19	9.73	
2012-08-15	9.76	-0.04	-0.4	9.83	9.71	
2012-08-14	9.8	-0.11	-1.06	9.98	9.77	
2012-08-13	9.91	0.11	1.07	9.98	9.71	
2012-08-10	9.8	-0.07	-0.66	9.96	9.65	
2012-08-09	9.87	-0.34	-3.33	10.27	9.8	
2012-08-08	10.21	-0.28	-2.62	10.53	10.03	
2012-08-07	10.48	0.07	0.67	10.68	10.22	
2012-08-06	10.41	0.32	3.17	10.48	9.94	
2012-08-03	10.09	0.5	5.26	10.1	9.51	
2012-08-02	9.59	-0.52	-5.18	10.13	9.51	
2012-08-01	10.11	0.09	0.85	10.2	9.76	
2012-07-31	10.03	-0.2	-1.91	10.28	9.81	
2012-07-30	10.22	0.46	4.76	10.3	9.79	
2012-07-27	9.76	0.49	5.24	9.84	9.13	
2012-07-26	9.27	0.53	6.1	9.41	8.69	
2012-07-25	8.74	0.18	2.1	8.77	8.5	
2012-07-24	8.56	-0.34	-3.8	9.29	8.43	
2012-07-23	8.9	-0.26	-2.79	9.05	8.36	
2012-07-20	9.15	-0.49	-5.1	9.64	9.11	
2012-07-19	9.64	0.05	0.47	9.69	9.52	
2012-07-18	9.6	0.04	0.37	9.64	9.4	
2012-07-17	9.56	0.06	0.62	9.81	9.47	
2012-07-16	9.5	-0.12	-1.27	9.74	9.38	
2012-07-13	9.63	0.05	0.56	9.71	9.47	
2012-07-12	9.57	-0.29	-2.94	9.85	9.52	
2012-07-11	9.86	0.16	1.63	9.94	9.65	
2012-07-10	9.7	-0.01	-0.08	9.84	9.61	
2012-07-09	9.71	-0.06	-0.61	9.84	9.61	
2012-07-06	9.77	-0.11	-1.06	10.03	9.73	
2012-07-05	9.88	-0.17	-1.73	10.14	9.81	
2012-07-04	10.05	-0.02	-0.15	10.12	9.99	
2012-07-03	10.07	-0.08	-0.74	10.19	10.0	
2012-07-02	10.14	0.04	0.35	10.18	9.98	
2012-06-29	10.11	0.55	5.75	10.11	9.76	
2012-06-28	9.56	0.06	0.59	9.59	9.36	
2012-06-27	9.5	0.11	1.18	9.56	9.35	
2012-06-26	9.39	0.0	0.03	9.64	9.37	
2012-06-25	9.39	-0.29	-2.99	9.76	9.3	
2012-06-22	9.68	0.11	1.19	9.89	9.47	
2012-06-21	9.56	-0.07	-0.73	9.73	9.42	
2012-06-20	9.63	0.2	2.14	9.69	9.39	
2012-06-19	9.43	0.14	1.46	9.5	9.23	
2012-06-18	9.29	-0.04	-0.44	9.56	9.25	
2012-06-15	9.33	0.18	2.01	9.49	9.23	
2012-06-14	9.15	0.04	0.48	9.23	9.06	
2012-06-13	9.11	0.01	0.07	9.22	8.97	
2012-06-12	9.1	-0.02	-0.26	9.16	8.91	
2012-06-11	9.12	-0.01	-0.14	9.55	9.09	
2012-06-08	9.14	0.24	2.73	9.18	8.8	
2012-06-07	8.89	-0.04	-0.4	9.0	8.83	
2012-06-06	8.93	0.05	0.52	9.07	8.8	
2012-06-05	8.88	-0.08	-0.85	9.04	8.84	
2012-06-04	8.96	0.28	3.21	9.02	8.59	
2012-06-01	8.68	-0.1	-1.11	8.88	8.6	
2012-05-31	8.78	-0.18	-1.95	9.07	8.68	
2012-05-30	8.95	0.19	2.17	9.1	8.85	
