Fecha	Cierre	Var	Var (%)	Máx	Mín	
2013-05-30	8433.5	-8.2	-0.1	8487.1	8395.2	
2013-05-29	8441.7	-69.6	-0.82	8495.8	8424.2	
2013-05-28	8511.3	147.7	1.77	8583.6	8398.2	
2013-05-27	8363.6	99.0	1.2	8363.6	8297.8	
2013-05-24	8264.6	-79.0	-0.95	8394.6	8216.5	
2013-05-23	8343.6	-118.8	-1.51	8356.6	8243.5	
2013-05-22	8462.4	-2.1	-0.02	8505.5	8381.2	
2013-05-21	8464.5	-50.7	-0.6	8613.8	8398.2	
2013-05-20	8515.2	-67.2	-0.78	8613.8	8445.4	
2013-05-17	8582.4	40.1	0.47	8590.0	8518.4	
2013-05-16	8542.3	-40.2	-0.47	8589.7	8521.9	
2013-05-15	8582.5	107.9	1.27	8595.6	8438.6	
2013-05-14	8474.6	16.8	0.2	8489.8	8366.7	
2013-05-13	8457.8	-86.7	-1.01	8574.6	8405.0	
2013-05-10	8544.5	-28.2	-0.33	8669.2	8511.7	
2013-05-09	8572.7	-24.3	-0.28	8608.0	8536.4	
2013-05-08	8597.0	53.0	0.62	8614.5	8500.0	
2013-05-07	8544.0	40.2	0.47	8589.4	8500.1	
2013-05-06	8503.8	-41.0	-0.48	8553.8	8472.6	
2013-05-03	8544.8	138.4	1.65	8566.1	8410.3	
2013-05-02	8406.4	-12.6	-0.15	8563.5	8286.6	
2013-04-30	8419.0	-31.9	-0.38	8524.2	8397.8	
2013-04-29	8450.9	153.9	0.34	8463.9	8324.7	
2013-04-26	8297.0	-68.1	-0.81	8329.7	8251.5	
2013-04-25	8365.1	-24.2	-0.29	8388.8	8270.2	
2013-04-24	8389.3	100.0	1.21	8412.4	8287.5	
2013-04-23	8289.3	261.6	3.26	8310.2	8031.5	
2013-04-22	8027.7	112.2	1.42	8058.3	7927.6	
2013-04-19	7915.5	103.0	1.32	7955.8	7851.1	
2013-04-18	7812.5	9.5	0.12	7923.9	7764.2	
2013-04-17	7803.0	-145.7	-1.83	7992.4	7743.6	
2013-04-16	7948.7	-65.4	-0.82	8033.7	7934.5	
2013-04-15	8014.1	-26.3	-0.33	8093.7	7941.4	
2013-04-12	8040.4	-119.1	-1.46	8103.4	8011.0	
2013-04-11	8159.5	23.1	0.28	8178.9	8063.1	
2013-04-10	8136.4	263.9	3.35	8179.0	7910.2	
2013-04-09	7872.5	85.4	1.1	7897.3	7811.6	
2013-04-08	7787.1	-11.3	-0.14	7878.6	7774.4	
2013-04-05	7798.4	-49.5	-0.63	7935.0	7716.1	
2013-04-04	7847.9	-56.4	-0.71	8040.5	7821.7	
2013-04-03	7904.3	-146.1	-1.81	8037.6	7880.2	
2013-04-02	8050.4	130.4	1.65	8059.0	7888.1	
2013-03-28	7920.0	19.6	0.25	7972.0	7797.2	
2013-03-27	7900.4	-90.1	-1.13	8040.2	7822.5	
2013-03-26	7990.5	-150.1	-1.84	8183.7	7968.2	
2013-03-25	8140.6	-188.9	-2.27	8461.9	8100.3	
2013-03-22	8329.5	-21.7	-0.26	8395.1	8258.9	
2013-03-21	8351.2	-65.1	-0.77	8447.8	8260.8	
2013-03-20	8416.3	95.3	1.15	8494.4	8327.0	
2013-03-19	8321.0	-186.8	-2.2	8532.4	8250.5	
2013-03-18	8507.8	-111.3	-1.29	8527.6	8351.8	
2013-03-15	8619.1	-38.8	-0.45	8649.9	8544.5	
2013-03-14	8657.9	159.6	1.88	8670.4	8529.6	
2013-03-13	8498.3	-34.0	-0.4	8516.7	8434.9	
2013-03-12	8532.3	-22.1	-0.26	8598.1	8506.7	
2013-03-11	8554.4	-73.7	-0.85	8610.2	8495.6	
2013-03-08	8628.1	239.0	2.85	8627.2	8439.8	
2013-03-07	8389.1	30.2	0.36	8454.7	8379.9	
2013-03-06	8358.9	-64.4	-0.76	8485.0	8356.3	
2013-03-05	8423.3	177.0	2.15	8429.5	8313.1	
2013-03-04	8246.3	59.2	0.72	8271.7	8129.2	
2013-03-01	8187.1	-43.2	-0.52	8285.8	8105.2	
2013-02-28	8230.3	93.6	1.15	8252.3	8142.8	
2013-02-27	8136.7	156.0	1.95	8136.7	7966.4	
2013-02-26	7980.7	-263.8	-3.2	8099.8	7911.1	
2013-02-25	8244.5	65.5	0.8	8400.1	8135.2	
2013-02-22	8179.0	164.5	2.05	8179.0	8051.1	
2013-02-21	8014.5	-148.5	-1.82	8117.6	7982.0	
2013-02-20	8163.0	-62.3	-0.76	8274.4	8146.9	
2013-02-19	8225.3	116.4	1.44	8230.8	8087.0	
2013-02-18	8108.9	-41.3	-0.51	8145.4	8037.3	
2013-02-15	8150.2	-97.2	-1.18	8251.2	8150.2	
2013-02-14	8247.4	-58.8	-0.71	8328.7	8155.5	
2013-02-13	8306.2	71.5	0.87	8343.4	8211.9	
2013-02-12	8234.7	156.1	1.93	8240.8	8045.1	
2013-02-11	8078.6	-96.3	-1.18	8181.5	8056.0	
2013-02-08	8174.9	160.3	2.0	8183.3	8008.7	
2013-02-07	8014.6	-41.6	-0.52	8160.1	8005.6	
2013-02-06	8056.2	-37.4	-0.46	8161.0	8013.0	
2013-02-05	8093.6	174.0	2.2	8126.8	7895.5	
2013-02-04	7919.6	-310.1	-3.77	8227.7	7916.8	
2013-02-01	8229.7	-132.6	-1.59	8301.3	8159.5	
2013-01-31	8362.3	-209.6	-2.45	8543.7	8362.3	
2013-01-30	8571.9	-71.1	-0.82	8689.2	8556.1	
2013-01-29	8643.0	-29.5	-0.34	8690.9	8606.8	
2013-01-28	8672.5	-52.1	-0.6	8755.9	8672.5	
2013-01-25	8724.6	59.0	0.68	8734.1	8616.3	
2013-01-24	8665.6	52.3	0.61	8673.0	8576.4	
2013-01-23	8613.3	-18.8	-0.22	8650.4	8585.5	
2013-01-22	8632.1	-33.8	-0.39	8675.4	8588.5	
2013-01-21	8665.9	61.9	0.72	8665.9	8608.9	
2013-01-18	8604.0	-24.9	-0.29	8679.8	8600.7	
2013-01-17	8628.9	47.8	0.56	8664.9	8565.9	
2013-01-16	8581.1	-19.9	-0.23	8604.0	8525.5	
2013-01-15	8601.0	-31.1	-0.36	8607.5	8520.6	
2013-01-14	8632.1	-32.6	-0.38	8721.1	8601.3	
2013-01-11	8664.7	45.8	0.53	8677.4	8580.0	
2013-01-10	8618.9	12.5	0.15	8649.3	8548.4	
2013-01-09	8606.4	153.4	1.81	8614.2	8485.4	
2013-01-08	8453.0	34.0	0.4	8493.5	8374.7	
2013-01-07	8419.0	-16.8	-0.2	8485.6	8406.3	
2013-01-04	8435.8	32.4	0.39	8447.0	8386.7	
2013-01-03	8403.4	-44.2	-0.52	8422.6	8334.3	
2013-01-02	8447.6	280.1	3.43	8447.6	8286.7	
2012-12-31	8167.5	36.5	0.45	8167.5	8041.7	
2012-12-28	8131.0	-149.9	-1.81	8308.7	8103.9	
2012-12-27	8280.9	-18.6	-0.22	8345.4	8231.2	
2012-12-24	8299.5	8.5	0.1	8304.3	8256.0	
2012-12-21	8291.0	26.8	0.32	8291.0	8203.8	
2012-12-20	8264.2	0.0	0.0	8297.9	8216.8	
2012-12-19	8264.2	95.4	1.17	8322.0	8185.4	
2012-12-18	8168.8	128.5	1.6	8171.6	8062.9	
2012-12-17	8040.3	16.2	0.2	8049.3	7975.0	
2012-12-14	8024.1	7.0	0.09	8045.3	8003.6	
2012-12-13	8017.1	30.3	0.38	8037.0	7977.3	
2012-12-12	7986.8	65.9	0.83	7988.3	7927.3	
2012-12-11	7920.9	116.5	1.49	7927.0	7806.2	
2012-12-10	7804.4	-44.1	-0.56	7804.4	7670.8	
2012-12-07	7848.5	-62.3	-0.79	7942.6	7813.1	
2012-12-06	7910.8	27.6	0.35	7947.8	7841.8	
2012-12-05	7883.2	-19.2	-0.24	7976.7	7844.7	
2012-12-04	7902.4	13.2	0.17	7945.7	7870.9	
2012-12-03	7889.2	-45.4	-0.57	8027.8	7874.1	
2012-11-30	7934.6	-39.1	-0.49	7989.6	7922.7	
2012-11-29	7973.7	136.1	1.74	7975.5	7883.8	
2012-11-28	7837.6	-26.1	-0.33	7854.9	7753.7	
2012-11-27	7863.7	-11.1	-0.14	7955.2	7819.7	
2012-11-26	7874.8	-34.8	-0.44	7893.0	7842.6	
2012-11-23	7909.6	34.0	0.43	7915.6	7825.1	
2012-11-22	7875.6	70.2	0.9	7894.4	7809.0	
2012-11-21	7805.4	26.7	0.34	7825.4	7716.8	
2012-11-20	7778.7	14.9	0.19	7787.2	7695.5	
2012-11-19	7763.8	175.6	2.31	7775.1	7601.7	
2012-11-16	7588.2	-107.3	-1.39	7721.8	7588.2	
2012-11-15	7695.5	22.5	0.29	7744.3	7610.4	
2012-11-14	7673.0	-20.4	-0.27	7756.5	7642.8	
2012-11-13	7693.4	125.6	1.66	7715.5	7490.6	
2012-11-12	7567.8	-68.8	-0.9	7633.3	7548.1	
2012-11-09	7636.6	12.5	0.16	7674.0	7496.0	
2012-11-08	7624.1	-36.6	-0.48	7718.0	7606.4	
2012-11-07	7660.7	-176.9	-2.26	7918.6	7638.5	
2012-11-06	7837.6	19.0	0.24	7868.3	7800.9	
2012-11-05	7818.6	-150.3	-1.89	7894.7	7793.3	
2012-11-02	7968.9	82.5	1.05	7995.9	7834.6	
2012-11-01	7886.4	43.5	0.55	7928.8	7790.3	
2012-10-31	7842.9	9.0	0.11	7939.9	7830.9	
2012-10-30	7833.9	105.3	1.36	7844.0	7755.9	
2012-10-29	7728.6	-47.0	-0.6	7779.7	7684.5	
2012-10-26	7775.6	-3.6	-0.05	7803.7	7665.6	
2012-10-25	7779.2	-12.3	-0.16	7851.3	7766.3	
2012-10-24	7791.5	43.8	0.57	7819.7	7653.2	
2012-10-23	7747.7	-129.4	-1.64	7886.6	7699.8	
2012-10-22	7877.1	-36.3	-0.46	7955.7	7841.5	
2012-10-19	7913.4	-186.9	-2.31	8070.6	7880.9	
2012-10-18	8100.3	-27.9	-0.34	8156.6	8035.5	
2012-10-17	8128.2	188.0	2.37	8131.9	7987.0	
2012-10-16	7940.2	261.7	3.41	7941.8	7741.6	
2012-10-15	7678.5	26.1	0.34	7723.4	7624.7	
2012-10-12	7652.4	-82.3	-1.06	7791.5	7652.4	
2012-10-11	7734.7	66.7	0.87	7777.7	7565.5	
2012-10-10	7668.0	-77.4	-1.0	7765.1	7664.5	
2012-10-09	7745.4	-145.6	-1.85	7901.5	7734.9	
2012-10-08	7891.0	-63.4	-0.8	7913.1	7855.2	
2012-10-05	7954.4	141.6	1.81	7972.8	7825.5	
2012-10-04	7812.8	-13.9	-0.18	7913.3	7784.4	
2012-10-03	7826.7	-40.4	-0.51	7900.8	7802.3	
2012-10-02	7867.1	83.0	1.07	7913.7	7710.2	
2012-10-01	7784.1	75.6	0.98	7838.5	7703.0	
2012-09-28	7708.5	-133.8	-1.71	7939.2	7678.7	
2012-09-27	7842.3	-12.1	-0.15	7914.8	7790.6	
2012-09-26	7854.4	-320.6	-3.92	8082.5	7840.4	
2012-09-25	8175.0	36.6	0.45	8197.9	8117.5	
2012-09-24	8138.4	-92.3	-1.12	8182.1	8082.9	
2012-09-21	8230.7	208.6	2.6	8230.7	8035.9	
2012-09-20	8022.1	-76.7	-0.95	8088.0	7961.4	
2012-09-19	8098.8	40.5	0.5	8149.4	8031.5	
2012-09-18	8058.3	-89.7	-1.1	8099.7	7949.1	
2012-09-17	8148.0	-6.5	-0.08	8156.6	8148.0	
2012-09-14	8154.5	218.6	2.75	8231.0	8087.5	
2012-09-13	7935.9	-56.2	-0.7	7968.3	7865.1	
2012-09-12	7992.1	61.7	0.78	8076.6	7928.7	
2012-09-11	7930.4	72.7	0.93	7933.4	7730.0	
2012-09-10	7857.7	-25.1	-0.32	7890.8	7796.9	
2012-09-07	7882.8	20.8	0.26	8027.0	7834.4	
2012-09-06	7862.0	368.0	4.91	7864.9	7533.0	
2012-09-05	7494.0	5.8	0.08	7562.4	7421.6	
2012-09-04	7488.2	54.0	0.73	7542.8	7444.2	
2012-09-03	7434.2	13.7	0.18	7442.1	7351.2	
2012-08-31	7420.5	225.5	3.13	7424.7	7161.4	
2012-08-30	7195.0	-111.0	-1.52	7304.7	7178.8	
2012-08-29	7306.0	-27.5	-0.37	7365.4	7274.3	
2012-08-28	7333.5	-65.4	-0.88	7404.1	7284.2	
2012-08-27	7398.9	88.6	1.21	7398.9	7216.8	
2012-08-24	7310.3	27.4	0.38	7323.1	7183.0	
2012-08-23	7282.9	-57.8	-0.79	7427.0	7176.9	
2012-08-22	7340.7	-203.8	-2.7	7516.0	7326.4	
2012-08-21	7544.5	74.9	1.0	7558.4	7430.4	
2012-08-20	7469.6	-91.4	-1.21	7645.0	7387.4	
2012-08-17	7561.0	143.7	1.94	7612.1	7452.5	
2012-08-16	7417.3	288.4	4.05	7419.3	7123.3	
2012-08-15	7128.9	4.1	0.06	7146.7	7066.8	
2012-08-14	7124.8	55.2	0.78	7153.1	7074.3	
2012-08-13	7069.6	21.9	0.31	7119.8	6991.9	
2012-08-10	7047.7	-62.5	-0.88	7079.9	6962.2	
2012-08-09	7110.2	-40.0	-0.56	7235.8	7026.6	
2012-08-08	7150.2	-60.9	-0.84	7232.2	7039.8	
2012-08-07	7211.1	157.5	2.23	7218.7	7013.0	
2012-08-06	7053.6	297.9	4.41	7061.9	6738.4	
2012-08-03	6755.7	382.3	6.0	6755.7	6296.1	
2012-08-02	6373.4	-346.6	-5.16	6864.6	6364.8	
2012-08-01	6720.0	-18.1	-0.27	6787.2	6569.2	
2012-07-31	6738.1	-63.7	-0.94	6913.7	6691.1	
2012-07-30	6801.8	184.2	2.78	6805.5	6589.2	
2012-07-27	6617.6	248.8	3.91	6617.6	6244.2	
2012-07-26	6368.8	363.9	6.06	6368.8	5955.0	
2012-07-25	6004.9	48.6	0.82	6093.1	5939.4	
2012-07-24	5956.3	-221.1	-3.58	6254.6	5950.8	
2012-07-23	6177.4	-68.9	-1.1	6240.5	5905.3	
2012-07-20	6246.3	-386.3	-5.82	6668.1	6232.6	
2012-07-19	6632.6	41.4	0.63	6682.5	6579.5	
2012-07-18	6591.2	33.0	0.5	6607.8	6497.2	
2012-07-17	6558.2	26.1	0.4	6642.6	6529.7	
2012-07-16	6532.1	-132.5	-1.99	6659.2	6485.1	
2012-07-13	6664.6	34.5	0.52	6687.5	6563.3	
2012-07-12	6630.1	-175.8	-2.58	6755.3	6600.8	
2012-07-11	6805.9	79.0	1.17	6829.7	6679.0	
2012-07-10	6726.9	38.6	0.58	6812.2	6638.2	
2012-07-09	6688.3	-50.6	-0.75	6785.7	6611.6	
2012-07-06	6738.9	-215.3	-3.1	6921.2	6726.7	
2012-07-05	6954.2	-214.3	-2.99	7180.8	6912.2	
2012-07-04	7168.5	-51.0	-0.71	7202.7	7116.2	
2012-07-03	7219.5	95.5	1.34	7219.5	7122.2	
2012-07-02	7124.0	21.8	0.31	7178.4	7036.9	
2012-06-29	7102.2	380.5	5.66	7102.2	6872.5	
2012-06-28	6721.7	54.8	0.82	6724.5	6593.5	
2012-06-27	6666.9	138.5	2.12	6666.9	6513.0	
2012-06-26	6528.4	-95.6	-1.44	6708.3	6512.3	
2012-06-25	6624.0	-252.3	-3.67	6857.5	6612.3	
2012-06-22	6876.3	102.8	1.52	6960.0	6697.1	
2012-06-21	6773.5	-22.6	-0.33	6914.9	6675.4	
2012-06-20	6796.1	102.2	1.53	6806.9	6668.2	
2012-06-19	6693.9	174.0	2.67	6717.4	6479.4	
2012-06-18	6519.9	-199.1	-2.96	6862.6	6503.3	
2012-06-15	6719.0	23.0	0.34	6829.8	6659.0	
2012-06-14	6696.0	80.7	1.22	6696.4	6558.6	
2012-06-13	6615.3	92.8	1.42	6639.0	6490.7	
2012-06-12	6522.5	6.1	0.09	6593.3	6439.3	
2012-06-11	6516.4	-35.6	-0.54	6940.3	6498.1	
2012-06-08	6552.0	113.9	1.77	6578.5	6323.6	
2012-06-07	6438.1	19.2	0.3	6538.4	6421.5	
2012-06-06	6418.9	151.1	2.41	6465.9	6276.2	
2012-06-05	6267.8	28.3	0.45	6332.7	6231.3	
2012-06-04	6239.5	174.5	2.88	6273.3	5987.8	
2012-06-01	6065.0	-24.8	-0.41	6152.7	5994.1	
2012-05-31	6089.8	-0.6	-0.01	6167.9	6012.0	
2012-05-30	6090.4	-161.3	-2.58	6303.2	6073.7	
