Fecha	Cierre	Var	Var (%)	Máx	Mín	
2013-05-29	97.29	-1.32	-1.34	98.9	97.13	
2013-05-28	98.61	0.28	0.28	99.7	98.11	
2013-05-27	98.33	0.58	0.59	99.0	97.81	
2013-05-24	97.75	-1.3	-1.31	99.81	97.1	
2013-05-23	99.05	-1.85	-1.83	100.35	98.5	
2013-05-22	100.9	-0.9	-0.88	102.3	100.3	
2013-05-21	101.8	-0.25	-0.24	102.8	101.7	
2013-05-20	102.05	-2.65	-2.53	104.55	101.7	
2013-05-17	104.7	1.9	1.85	105.5	102.9	
2013-05-16	102.8	-2.7	-2.56	105.75	102.45	
2013-05-15	105.5	1.15	1.1	105.5	104.0	
2013-05-14	104.35	1.0	0.97	104.5	102.0	
2013-05-13	103.35	0.35	0.34	104.25	102.2	
2013-05-10	103.0	1.0	0.98	104.35	102.25	
2013-05-09	102.0	-1.75	-1.69	103.45	101.55	
2013-05-08	103.75	2.2	2.17	104.0	101.4	
2013-05-07	101.55	-1.25	-1.22	103.6	101.2	
2013-05-06	102.8	-0.6	-0.58	104.0	102.25	
2013-05-03	103.4	2.8	2.78	103.6	101.0	
2013-05-02	100.6	-1.45	-0.35	102.7	99.62	
2013-04-30	102.05	-0.2	-0.2	103.25	101.9	
2013-04-29	102.25	1.0	0.99	102.7	101.05	
2013-04-26	101.25	0.1	0.1	101.45	100.2	
2013-04-25	101.15	0.6	0.6	101.85	99.91	
2013-04-24	100.55	0.98	0.98	101.55	98.97	
2013-04-23	99.57	2.55	2.63	99.81	97.03	
2013-04-22	97.02	0.05	0.05	98.76	96.52	
2013-04-19	96.97	4.12	4.44	97.5	92.58	
2013-04-18	92.85	-1.64	-1.74	95.15	92.85	
2013-04-17	94.49	-4.02	-4.08	99.53	93.41	
2013-04-16	98.51	-2.24	-2.22	100.3	98.1	
2013-04-15	100.75	-0.4	-0.4	101.2	99.1	
2013-04-12	101.15	0.5	0.5	101.85	100.0	
2013-04-11	100.65	0.83	0.83	101.3	99.74	
2013-04-10	99.82	0.07	0.07	100.75	98.93	
2013-04-09	99.75	-1.2	-1.19	101.35	99.18	
2013-04-08	100.95	-0.1	-0.1	102.2	100.5	
2013-04-05	101.05	-1.65	-1.61	103.1	100.0	
2013-04-04	102.7	-1.95	-1.86	105.15	102.15	
2013-04-03	104.65	0.35	0.34	105.95	104.2	
2013-04-02	104.3	0.9	0.87	105.2	102.65	
2013-03-28	103.4	2.3	2.27	104.25	100.5	
2013-03-27	101.1	-0.5	-0.49	102.15	99.8	
2013-03-26	101.6	0.7	0.69	102.55	100.5	
2013-03-25	100.9	-0.15	-0.15	103.4	100.65	
2013-03-22	101.05	-0.1	-0.1	101.9	100.55	
2013-03-21	101.15	-1.95	-1.89	103.35	100.6	
2013-03-20	103.1	1.3	1.28	103.9	102.1	
2013-03-19	101.8	-1.35	-1.31	103.0	100.95	
2013-03-18	103.15	0.85	0.83	103.45	100.5	
2013-03-15	102.3	-1.55	-1.49	103.25	101.65	
2013-03-14	103.85	-1.8	-1.7	106.1	102.95	
2013-03-13	105.65	-2.8	-2.58	106.0	103.3	
2013-03-12	108.45	1.35	1.26	109.6	106.3	
2013-03-11	107.1	-1.45	-1.34	108.55	106.65	
2013-03-08	108.55	1.95	1.83	109.0	106.55	
2013-03-07	106.6	0.5	0.47	107.65	106.15	
2013-03-06	106.1	-1.5	-1.39	109.0	106.1	
2013-03-05	107.6	3.6	3.46	107.75	104.6	
2013-03-04	104.0	-0.35	-0.34	104.6	102.6	
2013-03-01	104.35	1.7	1.66	104.75	102.25	
2013-02-28	102.65	1.35	1.33	103.3	101.3	
2013-02-27	101.3	0.25	0.25	101.3	100.1	
2013-02-26	101.05	-2.55	-2.46	101.8	98.55	
2013-02-25	103.6	1.4	1.37	104.55	102.6	
2013-02-22	102.2	2.47	2.48	102.25	99.99	
2013-02-21	99.73	-0.92	-0.91	101.15	98.6	
2013-02-20	100.65	-1.8	-1.76	103.1	100.4	
2013-02-19	102.45	0.1	0.1	102.7	101.7	
2013-02-18	102.35	-1.15	-1.11	103.2	101.95	
2013-02-15	103.5	-0.35	-0.34	104.9	103.1	
2013-02-14	103.85	-1.55	-1.47	105.35	103.25	
2013-02-13	105.4	-0.15	-0.14	105.7	104.3	
2013-02-12	105.55	3.45	3.38	105.7	102.15	
2013-02-11	102.1	-2.1	-2.02	104.0	102.1	
2013-02-08	104.2	1.15	1.12	104.65	102.95	
2013-02-07	103.05	-0.45	-0.43	104.2	102.65	
2013-02-06	103.5	-0.6	-0.58	104.55	102.0	
2013-02-05	104.1	3.2	3.17	104.65	100.3	
2013-02-04	100.9	-0.35	-0.35	101.8	99.65	
2013-02-01	101.25	-1.95	-1.89	103.2	100.65	
2013-01-31	103.2	-2.45	-2.32	106.1	103.2	
2013-01-30	105.65	2.55	2.47	105.95	103.1	
2013-01-29	103.1	-1.95	-1.86	105.5	102.8	
2013-01-28	105.05	-2.3	-2.14	108.0	104.8	
2013-01-25	107.35	-0.1	-0.09	107.6	106.15	
2013-01-24	107.45	0.05	0.05	108.5	106.8	
2013-01-23	107.4	-0.15	-0.14	108.5	106.8	
2013-01-22	107.5	1.35	1.27	107.6	105.5	
2013-01-21	106.15	0.5	0.47	106.3	105.6	
2013-01-18	105.65	0.55	0.52	106.7	105.7	
2013-01-17	105.45	1.0	0.96	106.0	104.55	
2013-01-16	104.45	-0.25	-0.24	105.95	104.15	
2013-01-15	104.7	0.45	0.43	106.25	103.8	
2013-01-14	104.25	-1.3	-1.23	106.4	103.45	
2013-01-11	105.55	0.15	0.14	106.05	105.15	
2013-01-10	105.4	-0.15	-0.14	105.85	104.75	
2013-01-09	105.55	-0.05	-0.05	106.1	104.05	
2013-01-08	105.6	2.3	2.23	105.75	103.0	
2013-01-07	103.3	-3.3	-3.1	107.0	103.15	
2013-01-03	107.5	-0.4	-0.37	107.6	106.7	
2013-01-02	109.3	-1.8	-1.65	109.5	107.1	
2012-12-31	105.5	1.15	1.1	106.5	103.6	
2012-12-27	107.95	0.3	0.28	108.75	107.35	
2012-12-24	107.65	1.95	1.84	107.7	106.15	
2012-12-21	105.7	-2.15	-1.99	108.85	105.55	
2012-12-20	107.85	-0.6	-0.55	110.2	107.65	
2012-12-19	108.45	0.2	0.18	111.8	107.2	
2012-12-18	108.25	2.6	2.46	108.5	105.8	
2012-12-17	105.65	2.15	2.08	105.65	103.2	
2012-12-14	103.5	0.3	0.29	105.0	103.0	
2012-12-13	103.2	-0.65	-0.63	105.1	102.65	
2012-12-12	103.85	0.25	0.24	104.3	101.6	
2012-12-11	103.6	2.8	2.78	103.65	100.15	
2012-12-10	100.8	0.0	0.0	101.2	99.02	
2012-12-07	100.8	0.88	0.88	101.1	99.4	
2012-12-06	99.92	1.25	1.27	100.75	98.42	
2012-12-05	98.67	-2.08	-2.06	102.4	98.25	
2012-12-04	100.75	-2.95	-2.84	104.4	98.98	
2012-12-03	103.7	-1.7	-1.61	106.1	103.7	
2012-11-30	105.4	-0.25	-0.24	106.2	105.1	
2012-11-29	105.65	1.7	1.64	107.35	104.3	
2012-11-28	103.95	1.45	1.41	104.45	102.0	
2012-11-27	102.5	-0.5	-0.49	104.25	102.35	
2012-11-26	103.0	0.55	0.54	103.2	101.1	
2012-11-23	102.45	-0.55	-0.53	103.45	101.55	
2012-11-22	103.0	1.85	1.83	104.75	101.0	
2012-11-21	101.15	-0.35	-0.34	101.6	100.4	
2012-11-20	101.5	0.05	0.05	102.6	100.2	
2012-11-19	101.45	2.95	2.99	101.5	98.79	
2012-11-16	98.5	-1.13	-1.13	100.75	98.45	
2012-11-15	99.63	-0.17	-0.17	100.85	98.8	
2012-11-14	99.8	-0.1	-0.1	100.7	99.31	
2012-11-13	99.9	1.25	1.27	100.9	98.51	
2012-11-12	98.65	-1.35	-1.35	100.0	98.5	
2012-11-09	100.0	2.82	2.9	100.0	97.02	
2012-11-08	97.18	-0.67	-0.68	98.47	96.51	
2012-11-07	97.85	-2.03	-2.03	100.5	97.16	
2012-11-06	99.88	-0.12	-0.12	100.3	98.7	
2012-11-05	100.0	-2.4	-2.34	101.35	99.7	
2012-11-02	102.4	3.85	3.91	102.75	98.59	
2012-11-01	98.55	1.01	1.03	99.85	98.16	
2012-10-31	98.44	-0.08	-0.08	99.83	98.22	
2012-10-30	98.52	0.97	0.99	98.57	97.25	
2012-10-29	97.55	0.23	0.24	98.13	96.7	
2012-10-26	97.32	0.39	0.4	97.99	96.1	
2012-10-25	96.93	1.03	1.07	97.69	95.9	
2012-10-24	95.9	0.25	0.26	97.1	94.34	
2012-10-23	95.65	-1.95	-2.0	98.29	95.64	
2012-10-22	97.6	0.19	0.2	99.07	97.31	
2012-10-19	97.41	-2.3	-2.31	99.46	97.29	
2012-10-18	99.71	0.58	0.59	99.9	98.23	
2012-10-17	99.13	0.63	0.64	99.8	97.65	
2012-10-16	98.5	1.8	1.86	98.9	97.51	
2012-10-15	96.7	-0.59	-0.61	98.31	96.21	
2012-10-12	97.29	-0.71	-0.72	98.0	97.02	
2012-10-11	98.0	-0.62	-0.63	98.95	97.5	
2012-10-10	98.62	-0.39	-0.39	99.55	98.6	
2012-10-09	99.01	-1.64	-1.63	101.0	98.8	
2012-10-08	100.65	0.69	0.69	101.0	98.41	
2012-10-05	99.96	0.61	0.61	101.0	98.5	
2012-10-04	99.35	2.58	2.67	99.67	97.33	
2012-10-03	96.77	-1.38	-1.41	98.6	96.67	
2012-10-02	98.15	0.18	0.18	99.0	97.16	
2012-10-01	97.97	1.34	1.39	99.2	96.4	
2012-09-28	96.63	0.49	0.51	98.09	95.26	
2012-09-27	96.14	-2.76	-2.79	99.0	96.14	
2012-09-26	98.9	-0.8	-0.8	99.58	97.06	
2012-09-25	99.7	2.1	2.15	99.84	97.95	
2012-09-24	97.6	-1.78	-1.79	98.48	96.5	
2012-09-21	99.38	2.38	2.45	99.69	97.5	
2012-09-20	97.0	1.69	1.77	97.17	94.02	
2012-09-19	95.31	3.37	3.67	96.5	93.01	
2012-09-18	91.94	0.59	0.65	92.96	88.65	
2012-09-17	91.35	1.86	2.08	91.35	88.54	
2012-09-14	89.49	2.3	2.64	89.9	87.89	
2012-09-13	87.19	0.49	0.57	87.95	86.43	
2012-09-12	86.7	-2.7	-3.02	90.16	85.51	
2012-09-11	89.4	0.4	0.45	90.09	88.53	
2012-09-10	89.0	-0.13	-0.15	90.76	88.77	
2012-09-07	89.13	-6.44	-6.74	96.5	88.61	
2012-09-06	95.57	4.89	5.39	96.43	90.86	
2012-09-05	90.68	1.73	1.94	90.86	88.61	
2012-09-04	88.95	-0.4	-0.45	90.99	88.8	
2012-09-03	89.35	0.94	1.06	90.48	88.47	
2012-08-31	88.41	1.79	2.07	89.2	86.52	
2012-08-30	86.62	-0.47	-0.54	87.95	86.47	
2012-08-29	87.09	0.02	0.02	87.9	86.91	
2012-08-28	87.07	-1.4	-1.58	88.99	86.88	
2012-08-27	88.47	1.29	1.48	88.49	85.76	
2012-08-24	87.18	1.04	1.21	87.7	85.31	
2012-08-23	86.14	-0.89	-1.02	88.7	85.67	
2012-08-22	87.03	-2.44	-2.73	89.5	86.5	
2012-08-21	89.47	3.26	3.78	89.7	86.5	
2012-08-20	86.21	-0.85	-0.98	88.11	85.73	
2012-08-17	87.06	0.56	0.65	89.34	86.21	
2012-08-16	86.5	1.37	1.61	86.51	84.91	
2012-08-15	85.13	-0.34	-0.4	86.0	85.06	
2012-08-14	85.47	-1.0	-1.16	87.5	85.04	
2012-08-13	86.47	0.53	0.62	87.99	86.15	
2012-08-10	85.94	-1.56	-1.78	87.85	85.0	
2012-08-09	87.5	-1.0	-1.13	89.52	86.84	
2012-08-08	88.5	-2.1	-2.32	91.37	87.7	
2012-08-07	90.6	1.62	1.82	91.36	89.01	
2012-08-06	88.98	3.27	3.82	89.8	85.75	
2012-08-03	85.71	4.42	5.44	86.15	81.14	
2012-08-02	81.29	-1.74	-2.1	84.8	79.51	
2012-08-01	83.03	-0.8	-0.95	85.74	82.6	
2012-07-31	83.83	-2.72	-3.14	90.8	83.65	
2012-07-30	86.55	3.45	4.15	87.5	83.25	
2012-07-27	83.1	1.26	1.54	84.2	81.25	
2012-07-26	81.84	1.75	2.19	82.67	79.76	
2012-07-25	80.09	2.19	2.81	82.4	78.0	
2012-07-24	77.9	-1.74	-2.18	80.9	77.65	
2012-07-23	79.64	-0.43	-0.54	80.95	77.89	
2012-07-20	80.07	-2.92	-3.52	83.15	78.9	
2012-07-19	82.99	1.5	1.84	83.81	81.11	
2012-07-18	81.49	0.67	0.83	81.61	80.47	
2012-07-17	80.82	0.31	0.39	81.63	80.47	
2012-07-16	80.51	-0.28	-0.35	80.97	79.68	
2012-07-13	80.79	1.29	1.62	81.27	79.28	
2012-07-12	79.5	-1.3	-1.61	80.6	79.41	
2012-07-11	80.8	0.86	1.08	80.8	79.05	
2012-07-10	79.94	1.0	1.27	80.16	78.92	
2012-07-09	78.94	-0.73	-0.92	79.95	78.66	
2012-07-06	79.67	-0.74	-0.92	81.0	79.39	
2012-07-05	80.41	-1.4	-1.71	82.35	80.0	
2012-07-04	81.81	-0.62	-0.75	83.15	81.22	
2012-07-03	82.43	1.07	1.32	82.79	81.11	
2012-07-02	81.36	-0.17	-0.21	82.7	80.79	
2012-06-29	81.53	3.36	4.3	81.8	79.44	
2012-06-28	78.17	-0.29	-0.37	78.9	77.39	
2012-06-27	78.46	0.81	1.04	78.47	76.91	
2012-06-26	77.65	0.44	0.57	77.95	76.75	
2012-06-25	77.21	0.32	0.42	77.65	75.9	
2012-06-22	76.89	-0.38	-0.49	77.32	76.3	
2012-06-21	77.27	-0.51	-0.66	78.5	76.82	
2012-06-20	77.78	-0.22	-0.28	77.95	76.5	
2012-06-19	78.0	2.37	3.13	78.3	75.75	
2012-06-18	75.63	-0.47	-0.62	77.11	74.96	
2012-06-15	76.1	-0.54	-0.7	77.12	75.14	
2012-06-14	76.64	1.24	1.64	76.64	74.47	
2012-06-13	75.4	7.82	11.57	75.4	71.7	
2012-06-12	67.58	0.2	0.3	67.93	66.35	
2012-06-11	67.38	-0.02	-0.03	70.49	67.1	
2012-06-08	67.4	0.05	0.07	67.82	65.92	
2012-06-07	67.35	0.79	1.19	68.34	66.66	
2012-06-06	66.56	1.23	1.88	67.42	65.54	
2012-06-05	65.33	0.31	0.48	65.83	65.0	
2012-06-04	65.02	0.0	0.0	65.5	64.2	
2012-06-01	65.02	-1.8	-2.69	66.84	64.1	
2012-05-31	66.82	0.07	0.1	67.22	65.92	
2012-05-30	66.75	-2.33	-3.37	68.57	66.41	
