Fecha	Cierre	Var	Var (%)	Máx	Mín	
2013-05-29	5.59	0.01	0.18	5.64	5.5	
2013-05-28	5.58	0.17	3.1	5.65	5.44	
2013-05-27	5.41	0.11	1.98	5.41	5.34	
2013-05-24	5.31	-0.08	-1.43	5.43	5.28	
2013-05-23	5.38	-0.09	-1.55	5.4	5.28	
2013-05-22	5.47	0.03	0.46	5.49	5.38	
2013-05-21	5.44	-0.02	-0.4	5.57	5.36	
2013-05-20	5.47	-0.04	-0.73	5.57	5.4	
2013-05-17	5.51	0.07	1.19	5.53	5.43	
2013-05-16	5.44	0.01	0.18	5.47	5.38	
2013-05-15	5.43	0.09	1.69	5.46	5.29	
2013-05-14	5.34	-0.04	-0.74	5.41	5.28	
2013-05-13	5.38	-0.12	-2.18	5.52	5.35	
2013-05-10	5.5	-0.09	-1.56	5.61	5.48	
2013-05-09	5.59	-0.04	-0.76	5.66	5.55	
2013-05-08	5.63	0.01	0.18	5.67	5.58	
2013-05-07	5.62	0.07	1.33	5.65	5.55	
2013-05-06	5.55	-0.04	-0.68	5.58	5.52	
2013-05-03	5.58	0.1	1.9	5.6	5.45	
2013-05-02	5.48	-0.01	-0.2	5.64	5.36	
2013-04-30	5.49	-0.06	-1.15	5.62	5.49	
2013-04-29	5.56	0.13	2.48	5.58	5.45	
2013-04-26	5.41	-0.08	-1.38	5.46	5.36	
2013-04-25	5.49	-0.13	-2.35	5.52	5.38	
2013-04-24	5.62	0.04	0.77	5.66	5.51	
2013-04-23	5.58	0.27	5.16	5.61	5.32	
2013-04-22	5.31	0.08	1.47	5.34	5.22	
2013-04-19	5.23	0.06	1.12	5.3	5.18	
2013-04-18	5.17	0.02	0.33	5.24	5.1	
2013-04-17	5.15	-0.08	-1.6	5.25	5.11	
2013-04-16	5.24	-0.01	-0.25	5.31	5.17	
2013-04-15	5.25	0.0	0.02	5.33	5.18	
2013-04-12	5.25	-0.29	-2.43	5.36	5.21	
2013-04-11	5.54	0.02	0.4	5.57	5.42	
2013-04-10	5.52	0.27	5.11	5.58	5.27	
2013-04-09	5.25	0.05	1.02	5.27	5.18	
2013-04-08	5.2	0.01	0.25	5.28	5.18	
2013-04-05	5.18	-0.01	-0.23	5.29	5.12	
2013-04-04	5.19	-0.04	-0.69	5.39	5.16	
2013-04-03	5.23	-0.16	-2.93	5.37	5.21	
2013-04-02	5.39	0.15	2.79	5.4	5.19	
2013-03-28	5.24	0.01	0.21	5.29	5.12	
2013-03-27	5.23	-0.06	-1.08	5.34	5.12	
2013-03-26	5.29	-0.13	-2.33	5.51	5.28	
2013-03-25	5.41	-0.18	-3.24	5.77	5.39	
2013-03-22	5.6	-0.05	-0.83	5.69	5.54	
2013-03-21	5.64	-0.08	-1.33	5.74	5.56	
2013-03-20	5.72	0.1	1.78	5.79	5.63	
2013-03-19	5.62	-0.21	-3.64	5.86	5.53	
2013-03-18	5.83	-0.14	-2.33	5.86	5.71	
2013-03-15	5.97	0.0	-0.02	6.0	5.89	
2013-03-14	5.97	0.15	2.56	5.98	5.87	
2013-03-13	5.82	-0.05	-0.78	5.87	5.77	
2013-03-12	5.87	-0.04	-0.61	5.94	5.83	
2013-03-11	5.9	-0.08	-1.37	5.99	5.84	
2013-03-08	5.99	0.19	3.19	5.97	5.83	
2013-03-07	5.8	0.02	0.31	5.86	5.78	
2013-03-06	5.78	-0.09	-1.45	5.92	5.78	
2013-03-05	5.87	0.11	1.91	5.88	5.79	
2013-03-04	5.76	0.02	0.4	5.79	5.66	
2013-03-01	5.73	-0.08	-1.33	5.85	5.64	
2013-02-28	5.81	0.04	0.62	5.85	5.75	
2013-02-27	5.78	0.16	2.78	5.78	5.61	
2013-02-26	5.62	-0.28	-4.7	5.79	5.58	
2013-02-25	5.9	0.05	0.86	6.07	5.79	
2013-02-22	5.85	0.14	2.38	5.85	5.73	
2013-02-21	5.71	-0.15	-2.56	5.82	5.7	
2013-02-20	5.86	-0.11	-1.81	6.01	5.84	
2013-02-19	5.97	0.11	1.91	5.99	5.83	
2013-02-18	5.86	-0.04	-0.64	5.9	5.79	
2013-02-15	5.89	-0.08	-1.41	6.01	5.89	
2013-02-14	5.98	-0.05	-0.81	6.06	5.89	
2013-02-13	6.03	0.02	0.33	6.08	5.97	
2013-02-12	6.01	0.1	1.74	6.03	5.85	
2013-02-11	5.9	-0.1	-1.6	6.0	5.88	
2013-02-08	6.0	0.21	3.54	6.0	5.8	
2013-02-07	5.8	-0.04	-0.62	5.95	5.77	
2013-02-06	5.83	-0.03	-0.49	5.94	5.76	
2013-02-05	5.86	0.17	2.97	5.91	5.67	
2013-02-04	5.69	-0.34	-5.7	6.04	5.69	
2013-02-01	6.04	-0.14	-2.33	6.09	5.9	
2013-01-31	6.18	-0.22	-3.45	6.35	6.17	
2013-01-30	6.4	-0.1	-1.48	6.54	6.4	
2013-01-29	6.5	-0.02	-0.26	6.52	6.45	
2013-01-28	6.51	-0.03	-0.4	6.57	6.51	
2013-01-25	6.54	0.05	0.77	6.55	6.45	
2013-01-24	6.49	0.06	0.92	6.49	6.41	
2013-01-23	6.43	0.01	0.11	6.46	6.41	
2013-01-22	6.43	-0.03	-0.42	6.47	6.4	
2013-01-21	6.46	0.02	0.28	6.46	6.4	
2013-01-18	6.44	-0.01	-0.19	6.5	6.42	
2013-01-17	6.45	0.02	0.26	6.49	6.4	
2013-01-16	6.43	0.0	0.03	6.44	6.34	
2013-01-15	6.43	-0.19	-2.85	6.48	6.36	
2013-01-14	6.62	0.03	0.44	6.68	6.57	
2013-01-11	6.59	0.11	1.68	6.63	6.46	
2013-01-10	6.48	0.08	1.27	6.51	6.39	
2013-01-09	6.4	0.06	0.96	6.44	6.35	
2013-01-08	6.34	0.02	0.28	6.39	6.27	
2013-01-07	6.32	-0.01	-0.13	6.41	6.31	
2013-01-03	6.31	0.01	0.19	6.35	6.29	
2013-01-02	6.33	-0.02	-0.35	6.33	6.26	
2012-12-31	6.1	0.09	1.53	6.1	5.95	
2012-12-27	6.1	0.01	0.11	6.14	6.05	
2012-12-24	6.09	-0.02	-0.33	6.11	6.05	
2012-12-21	6.11	0.08	1.24	6.11	5.98	
2012-12-20	6.04	0.03	0.42	6.05	5.96	
2012-12-19	6.01	0.05	0.87	6.08	5.97	
2012-12-18	5.96	0.13	2.2	5.96	5.86	
2012-12-17	5.83	-0.07	-1.19	5.89	5.8	
2012-12-14	5.9	0.0	0.0	5.91	5.87	
2012-12-13	5.9	0.04	0.68	5.93	5.84	
2012-12-12	5.86	0.06	1.0	5.87	5.79	
2012-12-11	5.8	0.06	0.97	5.82	5.73	
2012-12-10	5.75	-0.1	-1.74	5.8	5.64	
2012-12-07	5.85	-0.05	-0.88	5.94	5.83	
2012-12-06	5.9	0.02	0.37	5.97	5.86	
2012-12-05	5.88	-0.05	-0.83	5.99	5.84	
2012-12-04	5.93	0.03	0.49	5.98	5.88	
2012-12-03	5.9	-0.02	-0.27	6.0	5.88	
2012-11-30	5.91	0.02	0.34	5.96	5.87	
2012-11-29	5.89	0.14	2.38	5.9	5.81	
2012-11-28	5.76	-0.02	-0.28	5.79	5.67	
2012-11-27	5.77	0.0	-0.07	5.85	5.75	
2012-11-26	5.78	-0.03	-0.57	5.8	5.75	
2012-11-23	5.81	0.04	0.66	5.81	5.71	
2012-11-22	5.77	0.06	1.09	5.78	5.72	
2012-11-21	5.71	0.04	0.71	5.74	5.61	
2012-11-20	5.67	0.01	0.25	5.7	5.6	
2012-11-19	5.66	0.17	3.17	5.68	5.5	
2012-11-16	5.48	-0.14	-2.4	5.62	5.48	
2012-11-15	5.62	0.03	0.48	5.67	5.53	
2012-11-14	5.59	-0.04	-0.68	5.72	5.56	
2012-11-13	5.63	0.2	3.59	5.65	5.36	
2012-11-12	5.43	-0.07	-1.22	5.5	5.39	
2012-11-09	5.5	-0.02	-0.42	5.55	5.37	
2012-11-08	5.52	0.0	0.05	5.6	5.48	
2012-11-07	5.52	-0.2	-3.55	5.81	5.51	
2012-11-06	5.72	0.01	0.23	5.76	5.7	
2012-11-05	5.71	-0.14	-2.46	5.79	5.71	
2012-11-02	5.85	0.04	0.71	5.93	5.78	
2012-11-01	5.81	0.02	0.41	5.88	5.73	
2012-10-31	5.79	0.02	0.35	5.89	5.74	
2012-10-30	5.77	0.12	2.2	5.78	5.65	
2012-10-29	5.65	-0.08	-1.31	5.71	5.61	
2012-10-26	5.72	-0.03	-0.44	5.75	5.61	
2012-10-25	5.75	-0.03	-0.59	5.83	5.73	
2012-10-24	5.78	0.05	0.8	5.79	5.64	
2012-10-23	5.73	-0.06	-0.98	5.81	5.68	
2012-10-22	5.79	-0.06	-1.03	5.87	5.74	
2012-10-19	5.85	-0.18	-3.0	6.0	5.82	
2012-10-18	6.03	-0.1	-1.6	6.14	5.99	
2012-10-17	6.13	0.22	3.79	6.13	5.96	
2012-10-16	5.91	0.25	4.32	6.07	5.84	
2012-10-15	5.81	0.07	1.2	5.87	5.74	
2012-10-12	5.74	-0.11	-1.8	5.91	5.74	
2012-10-11	5.85	0.11	1.94	5.9	5.62	
2012-10-10	5.73	-0.1	-1.76	5.85	5.73	
2012-10-09	5.84	-0.15	-2.47	6.0	5.83	
2012-10-08	5.99	-0.08	-1.24	6.06	5.96	
2012-10-05	6.06	0.19	3.29	6.07	5.88	
2012-10-04	5.87	0.0	-0.05	5.96	5.83	
2012-10-03	5.87	-0.07	-1.21	5.95	5.83	
2012-10-02	5.94	0.07	1.12	5.99	5.81	
2012-10-01	5.88	0.08	1.4	5.92	5.81	
2012-09-28	5.8	-0.13	-2.13	6.01	5.77	
2012-09-27	5.92	0.0	-0.05	6.01	5.87	
2012-09-26	5.92	-0.28	-4.51	6.13	5.88	
2012-09-25	6.2	0.03	0.55	6.25	6.12	
2012-09-24	6.17	-0.08	-1.28	6.2	6.11	
2012-09-21	6.25	0.21	3.55	6.25	6.02	
2012-09-20	6.04	-0.07	-1.21	6.1	5.94	
2012-09-19	6.11	0.01	0.16	6.18	6.06	
2012-09-18	6.1	-0.14	-2.24	6.2	6.07	
2012-09-17	6.24	-0.05	-0.79	6.26	6.16	
2012-09-14	6.29	0.15	2.46	6.33	6.2	
2012-09-13	6.14	-0.12	-1.84	6.23	6.03	
2012-09-12	6.25	0.08	1.28	6.33	6.19	
2012-09-11	6.18	0.11	1.75	6.18	5.92	
2012-09-10	6.07	-0.01	-0.23	6.1	6.01	
2012-09-07	6.08	0.1	1.71	6.17	6.03	
2012-09-06	5.98	0.26	4.6	5.99	5.66	
2012-09-05	5.72	0.02	0.32	5.77	5.65	
2012-09-04	5.7	0.02	0.37	5.75	5.65	
2012-09-03	5.68	0.01	0.16	5.68	5.56	
2012-08-31	5.67	0.32	6.02	5.67	5.29	
2012-08-30	5.35	-0.14	-2.5	5.48	5.34	
2012-08-29	5.49	-0.09	-1.53	5.59	5.47	
2012-08-28	5.57	-0.05	-0.8	5.63	5.49	
2012-08-27	5.62	0.06	1.06	5.63	5.43	
2012-08-24	5.56	-0.04	-0.64	5.57	5.44	
2012-08-23	5.59	0.04	0.74	5.64	5.41	
2012-08-22	5.55	-0.16	-2.78	5.71	5.54	
2012-08-21	5.71	0.07	1.24	5.72	5.58	
2012-08-20	5.64	-0.08	-1.38	5.79	5.53	
2012-08-17	5.72	0.11	1.94	5.73	5.62	
2012-08-16	5.61	0.21	3.95	5.62	5.37	
2012-08-15	5.4	0.01	0.13	5.43	5.35	
2012-08-14	5.39	0.06	1.09	5.42	5.34	
2012-08-13	5.33	0.04	0.79	5.38	5.23	
2012-08-10	5.29	-0.02	-0.36	5.33	5.18	
2012-08-09	5.31	-0.03	-0.64	5.43	5.2	
2012-08-08	5.34	-0.01	-0.13	5.38	5.22	
2012-08-07	5.35	0.16	3.08	5.35	5.13	
2012-08-06	5.19	0.2	4.01	5.2	4.92	
2012-08-03	4.99	0.36	7.78	4.99	4.5	
2012-08-02	4.63	-0.33	-6.69	5.1	4.55	
2012-08-01	4.96	0.01	0.24	4.99	4.84	
2012-07-31	4.95	-0.02	-0.48	5.07	4.88	
2012-07-30	4.97	0.19	4.06	5.0	4.72	
2012-07-27	4.78	0.27	5.99	4.78	4.38	
2012-07-26	4.51	0.44	10.67	4.51	4.08	
2012-07-25	4.08	0.04	0.92	4.16	4.02	
2012-07-24	4.04	-0.19	-4.54	4.3	4.04	
2012-07-23	4.23	0.04	0.95	4.28	3.98	
2012-07-20	4.19	-0.33	-7.32	4.56	4.18	
2012-07-19	4.52	0.01	0.11	4.56	4.49	
2012-07-18	4.52	0.0	0.02	4.59	4.45	
2012-07-17	4.52	0.01	0.13	4.6	4.5	
2012-07-16	4.51	-0.16	-3.32	4.66	4.5	
2012-07-13	4.66	0.04	0.78	4.7	4.6	
2012-07-12	4.63	-0.1	-1.97	4.88	4.75	
2012-07-11	4.88	0.08	1.73	4.89	4.72	
2012-07-10	4.79	-0.02	-0.48	4.9	4.77	
2012-07-09	4.82	-0.08	-1.69	4.95	4.7	
2012-07-06	4.9	-0.2	-3.87	5.05	4.88	
2012-07-05	5.1	-0.21	-3.94	5.34	5.03	
2012-07-04	5.31	-0.02	-0.28	5.34	5.25	
2012-07-03	5.32	0.07	1.33	5.32	5.25	
2012-07-02	5.25	0.03	0.56	5.3	5.17	
2012-06-29	5.22	0.34	6.88	5.22	5.01	
2012-06-28	4.89	0.04	0.74	4.9	4.77	
2012-06-27	4.85	0.14	2.95	4.85	4.68	
2012-06-26	4.71	-0.07	-1.46	4.89	4.7	
2012-06-25	4.78	-0.24	-4.7	5.01	4.77	
2012-06-22	5.02	0.05	1.07	5.11	4.89	
2012-06-21	4.96	0.0	0.04	5.11	4.88	
2012-06-20	4.96	0.13	2.73	4.97	4.8	
2012-06-19	4.83	0.13	2.83	4.85	4.59	
2012-06-18	4.7	-0.23	-4.57	5.1	4.68	
2012-06-15	4.92	-0.05	-0.95	5.08	4.82	
2012-06-14	4.97	0.09	1.85	4.98	4.84	
2012-06-13	4.88	0.06	1.29	4.92	4.77	
2012-06-12	4.82	-0.02	-0.39	4.9	4.74	
2012-06-11	4.84	-0.01	-0.27	5.32	4.81	
2012-06-08	4.85	0.07	1.4	4.89	4.65	
2012-06-07	4.78	0.08	1.66	4.88	4.73	
2012-06-06	4.7	0.12	2.62	4.74	4.58	
2012-06-05	4.58	0.05	1.17	4.65	4.52	
2012-06-04	4.53	0.21	4.86	4.55	4.26	
2012-06-01	4.32	0.03	0.58	4.39	4.26	
2012-05-31	4.3	0.05	1.06	4.3	4.2	
2012-05-30	4.25	-0.05	-1.16	4.45	4.17	
