Fecha	Cierre	Var	Var (%)	Máx	Mín	
2013-05-29	10.9	-0.14	-1.27	11.01	10.85	
2013-05-28	11.04	0.17	1.52	11.17	10.9	
2013-05-27	10.88	0.15	1.4	10.88	10.76	
2013-05-24	10.73	-0.14	-1.24	10.93	10.65	
2013-05-23	10.86	-0.15	-1.36	10.92	10.73	
2013-05-22	11.01	0.01	0.09	11.09	10.91	
2013-05-21	11.0	-0.1	-0.86	11.26	10.94	
2013-05-20	11.1	-0.11	-0.94	11.26	10.99	
2013-05-17	11.2	0.03	0.22	11.25	11.1	
2013-05-16	11.18	0.0	0.0	11.21	11.13	
2013-05-15	11.18	0.11	0.99	11.21	10.99	
2013-05-14	11.07	0.07	0.64	11.1	10.9	
2013-05-13	11.0	-0.12	-1.08	11.13	10.92	
2013-05-10	11.12	0.02	0.14	11.24	11.06	
2013-05-09	11.1	-0.08	-0.67	11.18	10.99	
2013-05-08	11.18	-0.11	-0.93	11.19	11.05	
2013-05-07	11.28	-0.01	-0.09	11.37	11.23	
2013-05-06	11.29	-0.06	-0.53	11.45	11.26	
2013-05-03	11.35	0.17	1.52	11.39	11.18	
2013-05-02	11.18	0.04	0.36	11.35	11.04	
2013-04-30	11.14	-0.01	-0.09	11.25	11.07	
2013-04-29	11.15	0.14	1.27	11.18	11.05	
2013-04-26	10.99	-0.13	-1.17	11.08	10.92	
2013-04-25	11.12	-0.02	-0.13	11.19	11.03	
2013-04-24	11.13	0.19	1.74	11.2	10.96	
2013-04-23	10.94	0.23	2.1	10.97	10.68	
2013-04-22	10.72	0.14	1.28	10.76	10.56	
2013-04-19	10.58	0.11	1.0	10.72	10.49	
2013-04-18	10.48	0.02	0.14	10.66	10.43	
2013-04-17	10.46	-0.13	-1.23	10.65	10.36	
2013-04-16	10.59	-0.12	-1.07	10.7	10.55	
2013-04-15	10.71	-0.04	-0.37	10.83	10.65	
2013-04-12	10.75	-0.06	-0.51	10.83	10.69	
2013-04-11	10.8	0.0	0.0	10.88	10.66	
2013-04-10	10.8	0.31	2.91	10.84	10.54	
2013-04-09	10.5	0.12	1.11	10.57	10.43	
2013-04-08	10.38	0.01	0.1	10.43	10.34	
2013-04-05	10.37	-0.01	-0.1	10.57	10.23	
2013-04-04	10.38	0.03	0.24	10.59	10.36	
2013-04-03	10.36	-0.25	-2.36	10.55	10.31	
2013-04-02	10.61	0.12	1.1	10.62	10.36	
2013-03-28	10.49	-0.02	-0.19	10.6	10.33	
2013-03-27	10.51	-0.17	-1.59	10.75	10.41	
2013-03-26	10.68	-0.56	-4.98	10.85	10.63	
2013-03-25	11.24	-0.2	-1.71	11.63	11.11	
2013-03-22	11.44	0.06	0.48	11.52	11.26	
2013-03-21	11.38	-0.09	-0.78	11.46	11.23	
2013-03-20	11.47	0.19	1.64	11.57	11.3	
2013-03-19	11.29	-0.04	-0.31	11.48	11.2	
2013-03-18	11.32	-0.15	-1.26	11.33	11.13	
2013-03-15	11.47	-0.04	-0.3	11.49	11.35	
2013-03-14	11.5	0.44	3.98	11.53	11.01	
2013-03-13	11.06	0.02	0.14	11.09	11.0	
2013-03-12	11.05	-0.06	-0.5	11.15	11.0	
2013-03-11	11.1	-0.1	-0.89	11.16	10.96	
2013-03-08	11.2	0.45	4.19	11.26	10.85	
2013-03-07	10.75	0.14	1.27	10.84	10.61	
2013-03-06	10.62	-0.08	-0.75	10.8	10.61	
2013-03-05	10.7	0.3	2.89	10.73	10.49	
2013-03-04	10.4	0.3	2.97	10.47	10.11	
2013-03-01	10.1	0.1	0.95	10.23	10.04	
2013-02-28	10.0	0.2	2.04	10.12	9.88	
2013-02-27	9.8	0.29	3.06	9.84	9.5	
2013-02-26	9.51	-0.39	-3.91	9.73	9.51	
2013-02-25	9.9	0.17	1.76	10.09	9.76	
2013-02-22	9.73	0.23	2.45	9.75	9.51	
2013-02-21	9.49	-0.18	-1.82	9.63	9.47	
2013-02-20	9.67	-0.13	-1.3	9.85	9.67	
2013-02-19	9.8	0.15	1.56	9.81	9.59	
2013-02-18	9.65	-0.1	-1.06	9.67	9.51	
2013-02-15	9.75	-0.2	-2.03	9.95	9.75	
2013-02-14	9.95	-0.11	-1.09	10.06	9.88	
2013-02-13	10.06	0.07	0.72	10.13	9.93	
2013-02-12	9.99	0.04	0.4	9.99	9.81	
2013-02-11	9.95	-0.13	-1.26	10.08	9.93	
2013-02-08	10.08	0.05	0.5	10.09	9.93	
2013-02-07	10.03	-0.07	-0.69	10.23	10.0	
2013-02-06	10.1	-0.15	-1.46	10.23	10.05	
2013-02-05	10.25	0.18	1.74	10.27	9.96	
2013-02-04	10.07	-0.41	-3.87	10.47	10.03	
2013-02-01	10.48	-0.21	-1.92	10.6	10.42	
2013-01-31	10.68	-0.14	-1.29	10.83	10.63	
2013-01-30	10.82	-0.06	-0.55	10.96	10.8	
2013-01-29	10.88	0.03	0.23	10.94	10.81	
2013-01-28	10.86	-0.05	-0.41	10.92	10.81	
2013-01-25	10.9	0.04	0.37	10.96	10.78	
2013-01-24	10.86	0.07	0.65	10.87	10.72	
2013-01-23	10.79	-0.02	-0.19	10.84	10.72	
2013-01-22	10.85	-0.06	-0.55	10.93	10.78	
2013-01-21	10.91	0.05	0.41	10.95	10.88	
2013-01-18	10.87	-0.09	-0.78	11.03	10.83	
2013-01-17	10.95	0.05	0.46	10.99	10.89	
2013-01-16	10.9	-0.09	-0.82	10.99	10.88	
2013-01-15	10.99	-0.03	-0.27	11.04	10.89	
2013-01-14	11.02	0.07	0.59	11.1	10.97	
2013-01-11	10.96	0.06	0.55	10.99	10.89	
2013-01-10	10.9	0.07	0.6	10.94	10.76	
2013-01-09	10.83	0.41	3.93	10.91	10.44	
2013-01-08	10.42	-0.03	-0.29	10.5	10.36	
2013-01-07	10.45	-0.03	-0.29	10.49	10.38	
2013-01-03	10.46	-0.02	-0.19	10.48	10.41	
2013-01-02	10.48	-0.02	-0.19	10.46	10.36	
2012-12-31	10.19	0.02	0.2	10.19	9.99	
2012-12-28	10.17	0.02	0.2	10.19	9.99	
2012-12-27	10.28	-0.02	-0.19	10.4	10.15	
2012-12-24	10.3	0.05	0.49	10.3	10.18	
2012-12-21	10.25	0.06	0.54	10.25	10.11	
2012-12-20	10.2	-0.02	-0.15	10.24	10.14	
2012-12-19	10.21	0.02	0.15	10.25	10.14	
2012-12-18	10.2	0.07	0.69	10.2	10.09	
2012-12-17	10.13	-0.07	-0.64	10.19	10.05	
2012-12-14	10.19	0.0	0.0	10.2	10.14	
2012-12-13	10.19	0.07	0.69	10.2	10.11	
2012-12-12	10.12	0.06	0.6	10.12	10.04	
2012-12-11	10.06	0.13	1.31	10.08	9.94	
2012-12-10	9.93	-0.07	-0.7	9.95	9.78	
2012-12-07	10.0	-0.1	-0.94	10.13	9.98	
2012-12-06	10.1	0.06	0.55	10.12	10.01	
2012-12-05	10.04	-0.06	-0.59	10.15	10.03	
2012-12-04	10.1	0.05	0.5	10.1	10.01	
2012-12-03	10.05	-0.04	-0.4	10.16	9.99	
2012-11-30	10.09	-0.03	-0.3	10.12	10.0	
2012-11-29	10.12	0.1	0.95	10.16	10.0	
2012-11-28	10.03	-0.09	-0.84	10.05	9.94	
2012-11-27	10.11	-0.09	-0.88	10.29	10.01	
2012-11-26	10.2	-0.06	-0.58	10.26	10.16	
2012-11-23	10.26	0.04	0.39	10.29	10.16	
2012-11-22	10.22	0.06	0.59	10.26	10.13	
2012-11-21	10.16	0.02	0.15	10.22	10.04	
2012-11-20	10.15	-0.03	-0.25	10.18	10.03	
2012-11-19	10.17	0.16	1.6	10.24	10.0	
2012-11-16	10.01	-0.1	-0.94	10.14	9.97	
2012-11-15	10.11	-0.03	-0.3	10.22	10.03	
2012-11-14	10.14	0.01	0.05	10.22	10.05	
2012-11-13	10.13	0.16	1.6	10.16	9.78	
2012-11-12	9.97	-0.06	-0.6	10.06	9.91	
2012-11-09	10.03	0.03	0.33	10.11	9.86	
2012-11-08	10.0	0.0	-0.03	10.19	9.95	
2012-11-07	10.0	-0.22	-2.1	10.45	10.0	
2012-11-06	10.22	0.11	1.09	10.25	10.05	
2012-11-05	10.11	-0.25	-2.41	10.27	10.1	
2012-11-02	10.36	0.09	0.88	10.37	10.13	
2012-11-01	10.27	0.11	1.03	10.3	10.09	
2012-10-31	10.16	-0.04	-0.39	10.38	10.16	
2012-10-30	10.2	0.13	1.29	10.24	10.09	
2012-10-29	10.07	-0.13	-1.27	10.13	10.0	
2012-10-26	10.2	0.01	0.1	10.21	10.02	
2012-10-25	10.19	-0.11	-1.02	10.35	10.16	
2012-10-24	10.3	0.04	0.34	10.36	10.13	
2012-10-23	10.26	-0.24	-2.29	10.46	10.19	
2012-10-22	10.5	-0.1	-0.94	10.63	10.44	
2012-10-19	10.6	-0.25	-2.3	10.84	10.52	
2012-10-18	10.85	-0.01	-0.05	10.93	10.76	
2012-10-17	10.86	0.34	3.23	10.92	10.65	
2012-10-16	10.52	0.35	3.39	10.55	10.22	
2012-10-15	10.17	0.02	0.2	10.27	10.08	
2012-10-12	10.15	-0.06	-0.54	10.34	10.15	
2012-10-11	10.21	0.06	0.54	10.24	9.98	
2012-10-10	10.15	-0.15	-1.46	10.31	10.1	
2012-10-09	10.3	-0.21	-2.0	10.55	10.23	
2012-10-08	10.51	-0.11	-0.99	10.57	10.47	
2012-10-05	10.62	0.19	1.82	10.68	10.39	
2012-10-04	10.43	-0.07	-0.67	10.61	10.35	
2012-10-03	10.5	-0.05	-0.43	10.59	10.39	
2012-10-02	10.54	0.12	1.15	10.71	10.26	
2012-10-01	10.42	0.05	0.43	10.5	10.2	
2012-09-28	10.38	-0.35	-3.22	10.85	10.38	
2012-09-27	10.72	0.02	0.14	10.89	10.64	
2012-09-26	10.71	-0.53	-4.67	11.09	10.7	
2012-09-25	11.23	-0.03	-0.22	11.26	11.14	
2012-09-24	11.26	-0.1	-0.84	11.26	11.12	
2012-09-21	11.35	0.17	1.48	11.35	11.16	
2012-09-20	11.19	-0.22	-1.89	11.31	11.15	
2012-09-19	11.4	0.02	0.18	11.44	11.26	
2012-09-18	11.38	-0.12	-1.04	11.46	11.25	
2012-09-17	11.5	-0.08	-0.69	11.57	11.38	
2012-09-14	11.58	0.26	2.3	11.78	11.49	
2012-09-13	11.32	-0.11	-0.92	11.4	11.21	
2012-09-12	11.43	0.2	1.74	11.56	11.31	
2012-09-11	11.23	0.15	1.35	11.3	10.89	
2012-09-10	11.08	-0.11	-0.94	11.17	10.96	
2012-09-07	11.19	0.2	1.82	11.3	10.97	
2012-09-06	10.99	0.56	5.32	10.99	10.47	
2012-09-05	10.43	-0.02	-0.14	10.59	10.34	
2012-09-04	10.45	0.29	2.81	10.6	10.2	
2012-09-03	10.16	0.12	1.2	10.16	9.98	
2012-08-31	10.04	0.15	1.53	10.14	9.76	
2012-08-30	9.89	-0.21	-2.09	10.1	9.86	
2012-08-29	10.1	-0.11	-1.03	10.19	10.05	
2012-08-28	10.21	-0.09	-0.83	10.34	10.16	
2012-08-27	10.29	0.09	0.88	10.32	10.03	
2012-08-24	10.2	-0.01	-0.1	10.25	10.02	
2012-08-23	10.21	-0.13	-1.26	10.47	10.06	
2012-08-22	10.34	-0.33	-3.05	10.64	10.31	
2012-08-21	10.67	0.07	0.66	10.76	10.51	
2012-08-20	10.6	-0.07	-0.61	10.92	10.48	
2012-08-17	10.66	0.21	1.96	10.89	10.45	
2012-08-16	10.46	0.32	3.11	10.5	10.06	
2012-08-15	10.14	0.04	0.35	10.18	9.97	
2012-08-14	10.11	0.07	0.65	10.18	10.02	
2012-08-13	10.04	0.04	0.41	10.14	9.85	
2012-08-10	10.0	-0.1	-1.0	10.05	9.77	
2012-08-09	10.1	0.0	0.0	10.24	9.92	
2012-08-08	10.1	0.0	0.0	10.17	9.88	
2012-08-07	10.1	0.3	3.06	10.19	9.7	
2012-08-06	9.8	0.45	4.81	9.82	9.23	
2012-08-03	9.35	0.63	7.18	9.35	8.63	
2012-08-02	8.72	-0.59	-6.29	9.52	8.71	
2012-08-01	9.31	0.08	0.9	9.32	8.97	
2012-07-31	9.23	-0.06	-0.68	9.44	9.19	
2012-07-30	9.29	0.08	0.85	9.34	9.09	
2012-07-27	9.21	0.27	2.96	9.28	8.62	
2012-07-26	8.95	0.29	3.35	9.08	7.9	
2012-07-25	8.66	0.03	0.31	8.85	8.62	
2012-07-24	8.63	-0.39	-4.32	9.18	8.63	
2012-07-23	9.02	-0.19	-2.05	9.2	8.6	
2012-07-20	9.21	-0.74	-7.44	10.02	9.16	
2012-07-19	9.95	0.06	0.56	10.08	9.85	
2012-07-18	9.89	0.07	0.7	9.96	9.73	
2012-07-17	9.83	0.08	0.77	9.96	9.76	
2012-07-16	9.75	-0.21	-2.15	9.97	9.63	
2012-07-13	9.96	0.2	2.09	10.0	9.67	
2012-07-12	9.76	-0.33	-3.22	10.04	9.7	
2012-07-11	10.09	0.17	1.68	10.1	9.9	
2012-07-10	9.92	0.07	0.74	10.03	9.76	
2012-07-09	9.85	-0.03	-0.3	10.01	9.76	
2012-07-06	9.88	-0.33	-3.23	10.24	9.82	
2012-07-05	10.21	-0.27	-2.58	10.56	10.16	
2012-07-04	10.48	-0.05	-0.48	10.57	10.36	
2012-07-03	10.53	0.12	1.15	10.53	10.36	
2012-07-02	10.41	0.04	0.34	10.51	10.21	
2012-06-29	10.37	0.51	5.17	10.37	10.0	
2012-06-28	9.86	0.1	1.02	9.93	9.63	
2012-06-27	9.76	0.17	1.76	9.77	9.56	
2012-06-26	9.59	-0.09	-0.89	9.82	9.56	
2012-06-25	9.68	-0.47	-4.61	10.09	9.66	
2012-06-22	10.15	0.19	1.88	10.28	9.83	
2012-06-21	9.96	0.02	0.22	10.18	9.7	
2012-06-20	9.94	0.06	0.65	9.99	9.78	
2012-06-19	9.87	0.37	3.88	9.93	9.5	
2012-06-18	9.5	-0.39	-3.92	10.06	9.48	
2012-06-15	9.89	-0.04	-0.39	10.18	9.88	
2012-06-14	9.93	0.13	1.27	9.94	9.73	
2012-06-13	9.81	-0.04	-0.38	9.96	9.71	
2012-06-12	9.84	0.16	1.64	9.93	9.66	
2012-06-11	9.68	-0.1	-1.04	10.34	9.65	
2012-06-08	9.79	0.35	3.65	9.79	9.28	
2012-06-07	9.44	-0.16	-1.7	9.79	9.41	
2012-06-06	9.6	0.3	3.22	9.73	9.27	
2012-06-05	9.3	-0.08	-0.87	9.45	9.25	
2012-06-04	9.39	0.38	4.23	9.46	8.91	
2012-06-01	9.0	0.07	0.75	9.1	8.87	
2012-05-31	8.94	0.09	1.02	9.15	8.81	
2012-05-30	8.85	-0.32	-3.47	9.17	8.84	
